0000000: 01010010 01001001 01000110 01000110 00100100 11100011  RIFF$.
0000006: 00011101 00000000 01010111 01000001 01010110 01000101  ..WAVE
000000c: 01100110 01101101 01110100 00100000 00010000 00000000  fmt ..
0000012: 00000000 00000000 00000001 00000000 00000001 00000000  ......
0000018: 01000000 00011111 00000000 00000000 10000000 00111110  @....>
000001e: 00000000 00000000 00000010 00000000 00010000 00000000  ......
0000024: 01100100 01100001 01110100 01100001 00000000 11100011  data..
000002a: 00011101 00000000

data:

                        00011011 10000001 00011100
10101100 00010001 11000011 11111111 01011010 11110111
00100010 11101111 10110111 11110001 11011011 11110111
10011010 11111111 01110110 11101110 10101100 11110111
11010100 00000000 00011110 00001111 10011000 00010010
01100000 00001110 11100100 00001000 10101101 00001100
10010101 00011110 01001010 00001011 11010100 00010111
10001010 00001010 00101111 00010100 01011101 00000100
00001011 00001001 11000001 11101111 01011000 11101111
00111001 00000000 00011101 00000101 10000011 11111110
00010010 11101101 01001001 11111101 01101111 11101111
10000100 11110101 11100110 11100011 01000110 11011100
11100011 11010101 11000110 11100111 01001010 11100111
10011100 11100110 11001000 11100000 00111101 11011100
11000010 11011011 00001111 11100001 01111100 11101111
10000111 11101110 00010001 11111110 11011000 00000001
11011010 00000111 11001111 11110111 10101001 00001000
11001110 00010000 10110000 00011001 00000111 00010111
10000111 00001101 10111101 00000011 11110100 00000111
01000010 00011110 01110110 00011000 00110111 00011101
00100101 00001000 00101101 00001001 01000101 11111000
01001111 11111001 11110111 11100110 00011111 11101011
00110100 11111100 11001011 11111001 11111011 11101011
11100101 11100110 01011010 11110001 11000111 11110010
11100100 00000100 01010011 11111100 00101011 11111000
00101110 11110101 11000011 00010010 10010111 00000101
00101101 00000111 10101011 00000010 01000110 00010000
01000101 00010000 01011110 00000011 00011000 11111000
10101100 11101011 10101100 11111001 01000000 11111011
