0000000: 01010010 01001001 01000110 01000110 00100100 11100011  RIFF$.
0000006: 00011101 00000000 01010111 01000001 01010110 01000101  ..WAVE
000000c: 01100110 01101101 01110100 00100000 00010000 00000000  fmt ..
0000012: 00000000 00000000 00000001 00000000 00000001 00000000  ......
0000018: 01000000 00011111 00000000 00000000 10000000 00111110  @....>
000001e: 00000000 00000000 00000010 00000000 00010000 00000000  ......


0000024: 01100100 01100001 01110100 01100001 00000000 11100011  data..
000002a: 00011101 00000000 00100011 00011011 10000001 00011100  ..#...
0000030: 10101100 00010001 11000011 11111111 01011010 11110111  ....Z.
0000036: 00100010 11101111 10110111 11110001 11011011 11110111  ".....
000003c: 10011010 11111111 01110110 11101110 10101100 11110111  ..v...
0000042: 11010100 00000000 00011110 00001111 10011000 00010010  ......
0000048: 01100000 00001110 11100100 00001000 10101101 00001100  `.....
000004e: 10010101 00011110 01001010 00001011 11010100 00010111  ..J...
0000054: 10001010 00001010 00101111 00010100 01011101 00000100  ../.].
000005a: 00001011 00001001 11000001 11101111 01011000 11101111  ....X.
0000060: 00111001 00000000 00011101 00000101                    9...
